0	0	569	159
0	200	569	159
0	400	568	160
0	600	572	158
0	800	571	159
0	1000	572	162
0	1200	573	170
0	1400	586	166
0	1600	612	133
0	1800	614	120
0	2000	616	114
0	2200	615	122
0	2400	616	142
0	2600	613	155
0	2800	614	157
0	3000	616	140
0	3200	614	138
0	3400	598	171
0	3600	574	207
0	3800	567	211
0	4000	591	221
0	4200	608	228
0	4400	588	246
0	4600	556	272
0	4800	530	293
0	5000	532	294
0	5200	561	312
0	5400	589	332
0	5600	581	327
0	5800	550	307
0	6000	519	289
0	6200	517	287
0	6400	502	317
0	6600	485	349
0	6800	468	381
0	7000	454	407
0	7200	464	381
0	7400	479	349
0	7600	492	324
0	7800	484	326
0	8000	448	321
0	8200	411	314
0	8400	371	308
0	8600	335	302
0	8800	297	295
0	9000	258	289
0	9200	115	267
0	9400	78	262
0	9600	41	256
0	9800	31	255
0	10000	55	258
0	10200	91	265
0	10400	102	263
0	10600	93	281
0	10800	82	315
0	11000	73	348
0	11200	62	379
0	11400	57	393
0	11600	64	363
0	11800	73	333
0	12000	79	317
0	12200	71	316
0	12400	39	311
0	12600	34	308
0	12800	68	313
0	13000	106	319
0	13200	118	323
0	13400	115	316
0	13600	104	313
0	13800	71	310
0	14000	37	310
0	14200	34	311
0	14400	66	311
0	14600	102	310
0	14800	111	309
0	15000	105	330
0	15200	99	362
0	15400	94	393
0	15600	95	384
0	15800	100	352
0	16000	105	321
0	16200	109	315
0	16400	81	314
0	16600	48	312
0	16800	30	314
0	17000	30	323
0	17200	29	354
0	17400	26	341
0	17600	31	307
0	17800	35	282
0	18000	36	287
0	18200	67	305
0	18400	99	324
0	18600	132	340
0	18800	162	357
0	19000	196	375
0	19200	228	392
0	19400	260	406
0	19600	256	405
0	19800	223	388
0	20000	195	375
0	20200	198	370
0	20400	220	347
0	20600	244	322
0	20800	267	300
0	21000	293	275
0	21200	321	248
0	21400	346	224
0	21600	373	199
0	21800	400	172
0	22000	426	145
0	22200	451	124
0	22400	452	124
0	22600	424	151
0	22800	396	177
0	23000	390	180
0	23200	416	195
0	23400	450	212
0	23600	473	221
0	23800	481	217
0	24000	508	195
0	24200	536	168
0	24400	563	143
0	24600	590	118
0	24800	570	137
0	25000	544	164
0	25200	520	182
0	25400	519	189
0	25600	552	206
0	25800	585	224
0	26000	596	232
0	26200	608	218
0	26400	593	232
0	26600	566	256
0	26800	540	277
0	27000	541	275
0	27200	568	292
0	27400	596	309
0	27600	579	302
0	27800	548	282
0	28000	521	268
0	28200	522	267
0	28400	521	267
0	28600	551	280
0	28800	583	294
0	29000	592	300
0	29200	560	286
0	29400	527	274
0	29600	516	270
0	29800	513	286
0	30000	506	320
0	30200	498	355
0	30400	489	384
0	30600	481	408
0	30800	488	380
0	31000	493	349
0	31200	501	327
0	31400	488	331
0	31600	454	334
0	31800	419	335
0	32000	384	336
0	32200	349	338
0	32400	312	342
0	32600	278	343
0	32800	243	345
0	33000	206	348
0	33200	172	349
0	33400	137	352
0	33600	103	353
0	33800	70	353
0	34000	39	353
0	34200	40	351
0	34400	72	353
0	34600	104	352
0	34800	107	353
0	35000	102	378
0	35200	98	397
0	35400	102	370
0	35600	107	338
0	35800	113	318
0	36000	106	320
0	36200	72	322
0	36400	41	321
0	36600	33	320
0	36800	30	342
0	37000	27	373
0	37200	30	397
0	37400	30	372
0	37600	33	341
0	37800	37	319
0	38000	35	320
0	38200	37	320
0	38400	71	320
0	38600	105	318
0	38800	109	323
0	39000	97	299
0	39200	83	269
0	39400	69	238
0	39600	55	205
0	39800	40	174
0	40000	34	140
0	40200	26	107
0	40400	32	130
0	40600	36	163
0	40800	46	192
0	41000	48	191
0	41200	71	171
0	41400	99	149
0	41600	127	127
0	41800	142	116
0	42000	106	140
0	42200	77	157
0	42400	68	162
0	42600	84	175
0	42800	111	198
0	43000	140	223
0	43200	165	245
0	43400	192	267
0	43600	223	292
0	43800	249	316
0	44000	273	338
0	44200	303	359
0	44400	329	383
0	44600	354	404
0	44800	353	403
0	45000	328	383
0	45200	302	361
0	45400	295	359
0	45600	286	375
0	45800	272	403
0	46000	277	386
0	46200	291	358
0	46400	305	332
0	46600	302	331
0	46800	299	330
0	47000	291	352
0	47200	279	380
0	47400	267	404
0	47600	275	379
0	47800	287	350
0	48000	298	328
0	48200	290	329
0	48400	258	328
0	48600	220	325
0	48800	187	324
0	49000	153	323
0	49200	120	322
0	49400	84	318
0	49600	55	316
0	49800	28	314
0	50000	49	317
0	50200	82	319
0	50400	109	323
0	50600	108	322
0	50800	97	292
0	51000	87	261
0	51200	85	247
0	51400	70	242
0	51600	37	240
0	51800	32	237
0	52000	58	239
0	52200	86	239
0	52400	97	242
0	52600	91	261
0	52800	80	292
0	53000	70	322
0	53200	62	349
0	53400	51	377
0	53600	46	395
0	53800	54	369
0	54000	63	342
0	54200	68	323
0	54400	56	323
0	54600	33	322
0	54800	47	322
0	55000	78	324
0	55200	107	325
0	55400	105	325
0	55600	93	354
0	55800	84	381
0	56000	80	394
0	56200	87	366
0	56400	93	339
0	56600	104	325
0	56800	91	327
0	57000	59	324
0	57200	29	323
0	57400	39	322
0	57600	72	322
0	57800	103	324
0	58000	100	325
0	58200	91	352
0	58400	83	381
0	58600	80	397
0	58800	87	371
0	59000	92	343
0	59200	97	325
0	59400	89	325
0	59600	59	325
0	59800	31	322
0	60000	41	325
0	60200	72	326
0	60400	105	326
0	60600	101	326
0	60800	94	350
0	61000	86	378
0	61200	79	395
0	61400	87	370
0	61600	93	343
0	61800	101	324
0	62000	92	326
0	62200	60	326
0	62400	29	324
0	62600	40	322
0	62800	70	322
0	63000	101	321
0	63200	102	321
0	63400	91	346
0	63600	84	374
0	63800	77	398
0	64000	83	376
0	64200	89	348
0	64400	93	326
0	64600	94	326
0	64800	62	326
0	65000	32	325
0	65200	41	322
0	65400	70	318
0	65600	103	314
0	65800	107	319
0	66000	93	298
0	66200	74	270
0	66400	56	244
0	66600	37	213
0	66800	29	185
0	67000	28	180
0	67200	35	206
0	67400	54	236
0	67600	55	237
0	67800	38	238
0	68000	32	240
0	68200	61	236
0	68400	92	231
0	68600	100	233
0	68800	89	217
0	69000	73	187
0	69200	60	164
0	69400	58	160
0	69600	35	165
0	69800	31	166
0	70000	52	162
0	70200	82	159
0	70400	96	161
0	70600	85	145
0	70800	71	117
0	71000	70	115
0	71200	85	148
0	71400	100	180
0	71600	101	183
0	71800	107	179
0	72000	101	167
0	72200	87	138
0	72400	72	108
0	72600	78	122
0	72800	94	156
0	73000	105	183
0	73200	107	184
0	73400	130	163
0	73600	154	141
0	73800	147	144
0	74000	119	171
0	74200	96	190
0	74400	94	193
0	74600	122	207
0	74800	151	223
0	75000	182	240
0	75200	213	257
0	75400	242	272
0	75600	274	289
0	75800	298	303
0	76000	334	322
0	76200	360	336
