1	0	216	100
1	200	580	400
1	400	370 450
1	600	217	101
1	800	400 200
1	1000	216	101
1	1200	216	101
1	1400	216	100
1	1600	216	101
1	1800	216	100
1	2000	217	100
1	2200	217	100
1	2400	217	101
1	2600	217	100
1	2800	216	101
1	3000	216	101
1	3200	216	100
1	3400	216	101
1	3600	217	100
1	3800	217	100
1	4000	216	101
1	4200	216	100
1	4400	216	100
1	4600	217	100
1	4800	217	100
1	5000	216	100
1	5200	216	101
1	5400	216	100
1	5600	216	101
1	5800	216	101
1	6000	217	100
1	6200	217	100
1	6400	216	100
1	6600	216	101
1	6800	216	101
1	7000	216	99
1	7200	216	100
1	7400	216	101
1	7600	216	100
1	7800	216	101
1	8000	217	100
1	8200	215	101
1	8400	216	101
1	8600	216	100
1	8800	216	100
1	9000	216	101
1	9200	216	101
1	9400	217	100
1	9600	216	100
1	9800	216	101
1	10000	216	101
1	10200	217	101
1	10400	216	101
1	10600	216	101
1	10800	216	100
1	11000	216	101
1	11200	216	100
1	11400	216	101
1	11600	216	100
1	11800	215	101
1	12000	217	100
1	12200	216	101
1	12400	216	100
1	12600	216	101
1	12800	216	101
1	13000	216	101
1	13200	216	101
1	13400	217	100
1	13600	216	101
1	13800	217	101
1	14000	216	100
1	14200	216	101
1	14400	216	100
1	14600	216	101
1	14800	216	100
1	15000	216	101
1	15200	217	100
1	15400	216	101
1	15600	216	100
1	15800	216	101
1	16000	217	101
1	16200	217	100
1	16400	217	100
1	16600	217	102
1	16800	215	100
1	17000	216	100
1	17200	217	100
1	17400	216	100
1	17600	215	101
1	17800	216	100
1	18000	216	101
1	18200	216	100
1	18400	215	101
1	18600	216	100
1	18800	216	100
1	19000	216	100
1	19200	217	100
1	19400	216	100
1	19600	217	101
1	19800	216	101
1	20000	216	101
1	20200	215	101
1	20400	216	100
1	20600	215	100
1	20800	217	101
1	21000	216	100
1	21200	216	100
1	21400	217	100
1	21600	217	101
1	21800	216	101
1	22000	217	101
1	22200	216	100
1	22400	215	102
1	22600	215	100
1	22800	216	100
1	23000	217	100
1	23200	216	101
1	23400	217	101
1	23600	216	100
1	23800	215	100
1	24000	216	100
1	24200	215	101
1	24400	216	101
1	24600	217	99
1	24800	216	101
1	25000	216	100
1	25200	217	100
1	25400	216	100
1	25600	216	101
1	25800	216	100
1	26000	217	101
1	26200	216	100
1	26400	216	101
1	26600	217	101
1	26800	216	100
1	27000	217	100
1	27200	216	100
1	27400	216	101
1	27600	216	100
1	27800	216	101
1	28000	217	100
1	28200	216	101
1	28400	216	100
1	28600	216	101
1	28800	217	100
1	29000	216	100
1	29200	216	100
1	29400	216	101
1	29600	217	100
1	29800	217	100
1	30000	216	100
1	30200	216	100
1	30400	216	101
1	30600	217	101
1	30800	216	100
1	31000	216	101
1	31200	216	100
1	31400	216	101
1	31600	216	101
1	31800	216	101
1	32000	216	101
1	32200	217	101
1	32400	216	100
1	32600	216	100
1	32800	216	100
1	33000	215	101
1	33200	217	101
1	33400	217	101
1	33600	216	100
1	33800	217	101
1	34000	216	100
1	34200	217	99
1	34400	216	101
1	34600	216	101
1	34800	216	101
1	35000	216	101
1	35200	217	101
1	35400	216	100
1	35600	216	100
1	35800	217	101
1	36000	215	101
1	36200	216	101
1	36400	217	100
1	36600	216	100
1	36800	216	101
1	37000	216	101
1	37200	216	101
1	37400	216	101
1	37600	217	100
1	37800	217	101
1	38000	215	101
1	38200	216	100
1	38400	216	101
1	38600	216	101
1	38800	216	100
1	39000	217	100
1	39200	217	100
1	39400	216	101
1	39600	217	101
1	39800	217	101
1	40000	217	100
1	40200	216	100
1	40400	216	100
1	40600	217	100
1	40800	216	101
1	41000	217	101
1	41200	215	101
1	41400	216	100
1	41600	214	102
1	41800	214	102
1	42000	218	100
1	42200	218	100
1	42400	219	99
1	42600	218	100
1	42800	218	100
1	43000	218	100
1	43200	218	100
1	43400	218	101
1	43600	218	100
1	43800	218	100
1	44000	218	100
1	44200	218	100
1	44400	218	100
1	44600	218	101
1	44800	218	100
1	45000	218	100
1	45200	218	100
1	45400	217	99
1	45600	217	101
1	45800	217	101
1	46000	218	100
1	46200	218	100
1	46400	218	100
1	46600	219	101
1	46800	217	101
1	47000	218	100
1	47200	217	101
1	47400	217	101
1	47600	218	100
1	47800	218	100
1	48000	218	100
1	48200	217	100
1	48400	218	100
1	48600	217	100
1	48800	218	101
1	49000	218	101
1	49200	218	100
1	49400	218	99
1	49600	218	100
1	49800	218	100
1	50000	218	100
1	50200	218	100
1	50400	218	100
1	50600	217	99
1	50800	218	100
1	51000	217	102
1	51200	219	100
1	51400	218	100
1	51600	218	101
1	51800	218	100
1	52000	218	99
1	52200	218	101
1	52400	218	100
1	52600	218	100
1	52800	217	99
1	53000	218	100
1	53200	219	99
1	53400	218	100
1	53600	217	100
1	53800	218	100
1	54000	218	100
1	54200	218	101
1	54400	218	101
1	54600	217	101
1	54800	218	101
1	55000	218	101
1	55200	218	100
1	55400	217	100
1	55600	217	101
1	55800	219	100
1	56000	218	100
1	56200	217	101
1	56400	218	99
1	56600	218	100
1	56800	218	100
1	57000	217	100
1	57200	218	101
1	57400	218	100
1	57600	217	100
1	57800	218	100
1	58000	219	100
1	58200	218	100
1	58400	217	100
1	58600	219	100
1	58800	218	100
1	59000	218	100
1	59200	218	100
1	59400	218	100
1	59600	219	100
1	59800	217	100
1	60000	218	101
1	60200	218	100
1	60400	217	100
1	60600	218	100
1	60800	217	100
1	61000	218	100
1	61200	218	100
1	61400	218	100
1	61600	217	101
1	61800	218	100
1	62000	218	100
1	62200	218	100
1	62400	218	100
1	62600	217	100
1	62800	217	101
1	63000	218	100
1	63200	218	101
1	63400	217	100
1	63600	218	99
1	63800	218	100
1	64000	218	100
1	64200	219	100
1	64400	218	100
1	64600	217	100
1	64800	218	101
1	65000	217	101
1	65200	218	100
1	65400	218	100
1	65600	218	100
1	65800	218	100
1	66000	218	100
1	66200	218	100
1	66400	218	100
1	66600	217	100
1	66800	218	100
1	67000	217	100
1	67200	218	100
1	67400	218	101
1	67600	218	99
1	67800	219	100
1	68000	218	99
1	68200	219	100
1	68400	218	100
1	68600	218	101
1	68800	217	100
1	69000	218	99
1	69200	218	99
1	69400	218	101
1	69600	218	100
1	69800	218	100
1	70000	217	100
1	70200	218	100
1	70400	219	100
1	70600	217	101
1	70800	218	100
1	71000	218	99
1	71200	218	100
1	71400	218	99
1	71600	219	100
1	71800	218	100
1	72000	217	100
1	72200	218	100
1	72400	219	100
1	72600	218	100
1	72800	217	100
1	73000	218	100
1	73200	217	99
1	73400	217	99
1	73600	210	105
1	73800	213	102
1	74000	219	100
1	74200	218	100
1	74400	219	100
1	74600	219	100
1	74800	219	100
1	75000	218	100
1	75200	219	100
1	75400	219	100
1	75600	219	100
1	75800	219	100
1	76000	219	101
1	76200	218	101
